16 15 7.55 78.74 -4.94
21 20 5.43 95.17 -2.49
35 34 12.57 152.91 21.63
40 39 12.24 158.92 24.05
47 46 11.60 164.78 27.92
51 50 9.94 178.15 39.03
55 50 9.94 178.15 39.03
60 59 10.69 181.58 38.91
64 59 10.69 181.58 38.91
68 59 10.69 181.58 38.91
73 72 9.14 183.04 40.53
76 72 9.14 183.04 40.53
79 72 9.14 183.04 40.53
82 46 11.60 164.78 27.92
88 87 16.02 180.86 29.99
93 87 16.02 180.86 29.99
95 87 16.02 180.86 29.99
106 105 9.24 169.24 30.60
110 109 12.24 177.57 37.84
112 109 12.24 177.57 37.84
119 105 9.24 169.24 30.60
129 128 1.48 177.77 37.35
140 20 5.43 95.17 -2.49
159 158 9.81 182.87 1.91
173 172 10.99 188.43 1.17
177 176 18.85 193.58 7.51
182 176 18.85 193.58 7.51
187 172 10.99 188.43 1.17
192 191 23.28 196.97 0.84
195 191 23.28 196.97 0.84
197 191 23.28 196.97 0.84
201 172 10.99 188.43 1.17
204 203 12.90 193.06 -1.92
207 206 16.12 193.41 -5.72
210 206 16.12 193.41 -5.72
215 214 19.81 195.02 -12.59
218 217 21.90 195.19 -15.09
223 222 8.41 192.98 6.08
228 222 8.41 192.98 6.08
233 232 8.49 197.69 6.82
239 238 6.72 202.36 4.62
245 238 6.72 202.36 4.62
251 238 6.72 202.36 4.62
295 294 -9.00 155.71 5.36
300 299 -23.11 183.92 7.88
303 302 -27.77 194.08 12.30
306 302 -27.77 194.08 12.30
310 309 -27.86 197.38 13.81
313 309 -27.86 197.38 13.81
317 309 -27.86 197.38 13.81
326 325 -25.42 189.99 8.09
337 336 -25.99 200.07 7.82
341 336 -25.99 200.07 7.82
346 345 -26.09 203.55 7.21
350 345 -26.09 203.55 7.21
354 345 -26.09 203.55 7.21
360 294 -9.00 155.71 5.36
364 294 -9.00 155.71 5.36
370 294 -9.00 155.71 5.36
377 376 -15.44 181.57 -11.92
387 386 -16.81 187.74 -15.35
392 386 -16.81 187.74 -15.35
395 394 -15.74 190.76 -16.35
399 394 -15.74 190.76 -16.35
403 394 -15.74 190.76 -16.35
412 294 -9.00 155.71 5.36
421 294 -9.00 155.71 5.36
426 425 -3.25 179.67 23.93
438 437 0.97 186.40 27.31
441 437 0.97 186.40 27.31
444 437 0.97 186.40 27.31
449 448 -0.31 187.60 25.83
452 448 -0.31 187.60 25.83
456 294 -9.00 155.71 5.36
471 470 -16.01 173.75 24.33
475 474 -17.28 184.18 25.61
477 474 -17.28 184.18 25.61
491 490 -17.37 179.50 29.86
497 496 -18.67 181.54 31.68
500 496 -18.67 181.54 31.68
504 496 -18.67 181.54 31.68
512 511 -20.20 179.57 34.14
516 511 -20.20 179.57 34.14
535 534 -9.02 193.80 9.03
539 538 -13.63 202.54 10.18
542 541 -18.35 209.37 19.34
549 548 -8.00 197.10 8.61
553 548 -8.00 197.10 8.61
556 548 -8.00 197.10 8.61
562 548 -8.00 197.10 8.61
571 15 7.55 78.74 -4.94
579 578 3.76 103.02 -13.92
596 595 14.72 171.81 -34.14
598 597 14.22 176.16 -36.79
602 595 14.72 171.81 -34.14
608 607 17.37 178.74 -38.60
613 612 18.86 181.60 -40.93
616 612 18.86 181.60 -40.93
619 612 18.86 181.60 -40.93
624 623 16.92 184.01 -40.61
627 623 16.92 184.01 -40.61
629 623 16.92 184.01 -40.61
634 578 3.76 103.02 -13.92
646 645 -14.75 143.58 -14.59
650 645 -14.75 143.58 -14.59
658 645 -14.75 143.58 -14.59
662 661 -16.51 151.85 -14.62
666 661 -16.51 151.85 -14.62
669 661 -16.51 151.85 -14.62
673 645 -14.75 143.58 -14.59
675 674 -20.56 145.40 -14.20
679 678 -30.54 141.36 -19.12
683 682 -34.75 139.31 -20.75
686 685 -37.23 137.05 -19.80
693 692 -21.61 146.19 -20.12
699 698 -26.56 159.77 -23.39
703 702 -26.74 164.68 -24.91
709 702 -26.74 164.68 -24.91
714 702 -26.74 164.68 -24.91
719 718 -25.11 144.54 -24.23
724 723 -28.59 142.19 -28.06
730 729 -33.59 141.18 -31.74
733 729 -33.59 141.18 -31.74
735 729 -33.59 141.18 -31.74
739 738 -35.55 142.70 -34.66
743 738 -35.55 142.70 -34.66
747 738 -35.55 142.70 -34.66
752 751 -36.55 143.86 -37.29
756 751 -36.55 143.86 -37.29
775 774 -5.33 161.66 -21.27
778 777 -10.82 169.18 -19.99
780 779 -14.37 169.87 -19.60
784 779 -14.37 169.87 -19.60
788 787 -13.53 173.35 -18.19
797 787 -13.53 173.35 -18.19
803 774 -5.33 161.66 -21.27
810 809 4.52 186.36 -12.78
823 822 -6.39 174.48 -22.48
827 826 -0.51 190.63 -26.64
831 830 1.24 193.76 -28.04
836 830 1.24 193.76 -28.04
841 830 1.24 193.76 -28.04
846 845 1.33 194.54 -30.73
848 845 1.33 194.54 -30.73
856 822 -6.39 174.48 -22.48
860 822 -6.39 174.48 -22.48
868 867 -6.15 205.51 -22.24
875 874 -7.04 178.91 -22.65
878 877 -3.52 189.13 -24.59
881 877 -3.52 189.13 -24.59
884 874 -7.04 178.91 -22.65
889 888 -1.68 196.72 -26.22
891 888 -1.68 196.72 -26.22
899 15 7.55 78.74 -4.94
905 904 14.67 100.81 -6.21
911 904 14.67 100.81 -6.21
915 914 11.61 112.92 -12.44
917 914 11.61 112.92 -12.44
935 904 14.67 100.81 -6.21
983 982 36.07 132.84 -51.74
988 987 37.89 143.38 -54.59
990 987 37.89 143.38 -54.59
996 982 36.07 132.84 -51.74
1020 982 36.07 132.84 -51.74
1035 904 14.67 100.81 -6.21
1039 1038 23.57 112.69 -11.79
1053 1052 56.04 162.70 -6.76
1061 1060 57.70 168.64 -6.01
1064 1063 57.92 170.92 -3.65
1067 1063 57.92 170.92 -3.65
1070 1063 57.92 170.92 -3.65
1077 1076 30.48 130.21 -18.86
1079 1076 30.48 130.21 -18.86
1085 1084 35.05 138.07 -21.23
1094 1093 48.65 168.77 -27.05
1099 1098 50.32 169.52 -27.00
1102 1098 50.32 169.52 -27.00
1105 1098 50.32 169.52 -27.00
1125 904 14.67 100.81 -6.21
1185 1184 66.05 130.52 3.86
1190 1189 68.85 131.25 2.17
1201 1189 68.85 131.25 2.17
1213 1189 68.85 131.25 2.17
1229 1228 17.51 117.01 -3.68
1238 1228 17.51 117.01 -3.68
1249 1248 30.16 148.94 14.13
1260 1259 43.92 153.04 17.38
1266 1265 47.45 151.89 17.99
1273 1265 47.45 151.89 17.99
1280 1279 51.40 151.53 19.09
1285 1279 51.40 151.53 19.09
1289 1279 51.40 151.53 19.09
1293 1228 17.51 117.01 -3.68
1304 1303 17.98 119.97 -4.16
1325 1324 23.09 184.19 5.80
1334 1333 21.47 190.26 1.85
1343 1342 29.32 197.61 -5.99
1349 1342 29.32 197.61 -5.99
1351 1342 29.32 197.61 -5.99
1356 1355 34.52 195.99 0.99
1362 1355 34.52 195.99 0.99
1367 1355 34.52 195.99 0.99
1371 1370 35.04 198.69 0.53
1375 1370 35.04 198.69 0.53
