2 15 0
16 570 1
21 139 1
35 38 1
40 45 2
47 72 2
51 54 1
55 58 1
60 63 3
64 67 1
68 71 1
73 75 4
76 78 1
79 81 1
82 104 1
88 92 1
93 94 1
95 99 4
106 118 3
110 111 1
112 113 3
119 125 1
129 131 1
140 257 1
159 171 1
173 176 2
177 181 1
182 186 1
187 200 1
192 194 1
195 196 1
197 198 4
201 221 1
204 205 1
207 209 2
210 212 1
215 216 1
218 219 2
223 227 4
228 231 1
233 237 3
239 244 2
245 250 1
251 253 1
295 359 1
300 323 1
303 305 1
306 308 1
310 312 3
313 316 1
317 319 1
326 333 1
337 340 1
341 344 1
346 349 3
350 353 1
354 356 1
360 363 1
364 369 1
370 411 1
377 383 1
387 391 1
392 393 1
395 398 3
399 402 1
403 405 1
412 420 1
421 448 1
426 435 1
438 440 1
441 443 1
444 447 1
449 451 4
452 455 1
456 524 1
471 481 1
475 476 1
477 478 3
491 492 1
497 499 2
500 503 1
504 507 1
512 515 4
516 518 1
535 547 1
539 541 1
542 544 1
549 552 2
553 555 1
556 561 1
562 566 1
571 874 1
579 633 1
596 601 1
598 599 3
602 605 1
608 611 1
613 615 2
616 618 1
619 622 1
624 626 4
627 628 1
629 630 4
634 761 1
646 649 1
650 657 1
658 672 1
662 665 1
666 668 1
669 671 1
673 690 4
675 676 5
679 681 1
683 684 2
686 687 2
693 702 1
699 700 1
703 708 1
709 713 1
714 717 1
719 722 2
724 728 2
730 732 2
733 734 1
735 737 4
739 742 4
743 746 1
747 750 1
752 755 4
756 758 1
775 802 1
778 779 1
780 783 2
784 786 1
788 796 2
797 801 1
803 818 3
810 811 1
823 855 1
827 829 1
831 835 2
836 840 1
841 844 1
846 847 4
848 851 3
856 859 1
860 873 1
868 871 1
875 877 4
878 880 1
881 883 1
884 898 1
889 890 1
891 894 3
899 1382 1
905 910 1
911 934 1
915 916 1
917 919 3
935 1034 1
983 995 1
988 989 1
990 992 3
996 1016 1
1020 1028 1
1035 1124 1
1039 1063 1
1053 1058 1
1061 1062 1
1064 1066 2
1067 1069 1
1070 1072 1
1077 1078 1
1079 1081 3
1085 1098 1
1094 1097 1
1099 1101 2
1102 1104 1
1105 1107 1
1125 1225 1
1185 1186 1
1190 1197 2
1201 1209 1
1213 1221 1
1229 1237 1
1238 1279 1
1249 1256 1
1260 1264 1
1266 1272 2
1273 1278 1
1280 1284 3
1285 1288 1
1289 1292 1
1293 1302 1
1304 1309 4
1325 1332 1
1334 1340 2
1343 1348 1
1349 1350 1
1351 1354 4
1356 1361 4
1362 1366 1
1367 1369 1
1371 1374 4
1375 1378 1
3 1382 0
4 1382 0
5 1382 0
6 1382 0
7 1382 0
8 1382 0
9 1382 0
10 1382 0
11 1382 0
12 1382 0
13 1382 0
14 1382 0
15 1382 0
17 570 0
18 570 0
19 570 0
20 570 0
22 139 0
23 139 0
24 139 0
25 139 0
26 139 0
27 139 0
28 139 0
29 139 0
30 139 0
31 139 0
32 139 0
33 139 0
34 139 0
36 38 0
37 38 0
38 38 0
39 139 0
41 45 0
42 45 0
43 45 0
44 45 0
45 45 0
46 139 0
48 81 0
49 81 0
50 81 0
52 54 0
53 54 0
54 54 0
56 58 0
57 58 0
58 58 0
59 81 0
61 63 0
62 63 0
63 63 0
65 67 0
66 67 0
67 67 0
69 71 0
70 71 0
71 71 0
72 81 0
74 75 0
75 75 0
77 78 0
78 78 0
80 81 0
81 81 0
83 104 0
84 104 0
85 104 0
86 104 0
87 104 0
89 92 0
90 92 0
91 92 0
92 92 0
94 94 0
96 99 0
97 99 0
98 99 0
99 99 0
100 104 0
101 104 0
102 104 0
103 104 0
104 104 0
105 139 0
107 118 0
108 118 0
109 118 0
111 111 0
113 113 0
114 118 0
115 118 0
116 118 0
117 118 0
118 118 0
120 125 0
121 125 0
122 125 0
123 125 0
124 125 0
125 125 0
126 139 0
127 139 0
128 139 0
130 131 0
131 131 0
132 139 0
133 139 0
134 139 0
135 139 0
136 139 0
137 139 0
138 139 0
139 139 0
141 257 0
142 257 0
143 257 0
144 257 0
145 257 0
146 257 0
147 257 0
148 257 0
149 257 0
150 257 0
151 257 0
152 257 0
153 257 0
154 257 0
155 257 0
156 257 0
157 257 0
158 257 0
160 171 0
161 171 0
162 171 0
163 171 0
164 171 0
165 171 0
166 171 0
167 171 0
168 171 0
169 171 0
170 171 0
171 171 0
172 257 0
174 186 0
175 186 0
176 186 0
178 181 0
179 181 0
180 181 0
181 181 0
183 186 0
184 186 0
185 186 0
186 186 0
188 200 0
189 200 0
190 200 0
191 200 0
193 194 0
194 194 0
196 196 0
198 198 0
199 200 0
200 200 0
202 221 0
203 221 0
205 205 0
206 221 0
208 209 0
209 209 0
211 212 0
212 212 0
213 221 0
214 221 0
216 216 0
217 221 0
219 219 0
220 221 0
221 221 0
222 257 0
224 227 0
225 227 0
226 227 0
227 227 0
229 231 0
230 231 0
231 231 0
232 257 0
234 237 0
235 237 0
236 237 0
237 237 0
238 257 0
240 244 0
241 244 0
242 244 0
243 244 0
244 244 0
246 250 0
247 250 0
248 250 0
249 250 0
250 250 0
252 253 0
253 253 0
254 257 0
255 257 0
256 257 0
257 257 0
258 570 0
261 570 0
265 570 0
269 570 0
273 570 0
277 570 0
281 570 0
282 570 0
286 570 0
290 570 0
294 570 0
296 359 0
297 359 0
298 359 0
299 359 0
301 323 0
302 323 0
304 305 0
305 305 0
307 308 0
308 308 0
309 323 0
311 312 0
312 312 0
314 316 0
315 316 0
316 316 0
318 319 0
319 319 0
320 323 0
321 323 0
322 323 0
323 323 0
324 359 0
325 359 0
327 333 0
328 333 0
329 333 0
330 333 0
331 333 0
332 333 0
333 333 0
334 359 0
335 359 0
336 359 0
338 340 0
339 340 0
340 340 0
342 344 0
343 344 0
344 344 0
345 359 0
347 349 0
348 349 0
349 349 0
351 353 0
352 353 0
353 353 0
355 356 0
356 356 0
357 359 0
358 359 0
359 359 0
361 363 0
362 363 0
363 363 0
365 369 0
366 369 0
367 369 0
368 369 0
369 369 0
371 411 0
372 411 0
373 411 0
374 411 0
375 411 0
376 411 0
378 383 0
379 383 0
380 383 0
381 383 0
382 383 0
383 383 0
384 411 0
385 411 0
386 411 0
388 391 0
389 391 0
390 391 0
391 391 0
393 393 0
394 411 0
396 398 0
397 398 0
398 398 0
400 402 0
401 402 0
402 402 0
404 405 0
405 405 0
406 411 0
407 411 0
408 411 0
409 411 0
410 411 0
411 411 0
413 420 0
414 420 0
415 420 0
416 420 0
417 420 0
418 420 0
419 420 0
420 420 0
422 455 0
423 455 0
424 455 0
425 455 0
427 435 0
428 435 0
429 435 0
430 435 0
431 435 0
432 435 0
433 435 0
434 435 0
435 435 0
436 455 0
437 455 0
439 440 0
440 440 0
442 443 0
443 443 0
445 447 0
446 447 0
447 447 0
448 455 0
450 451 0
451 451 0
453 455 0
454 455 0
455 455 0
457 524 0
459 524 0
462 524 0
466 524 0
470 524 0
472 481 0
473 481 0
474 481 0
476 476 0
478 478 0
479 481 0
480 481 0
481 481 0
484 524 0
487 524 0
490 524 0
492 492 0
496 524 0
498 499 0
499 499 0
501 503 0
502 503 0
503 503 0
505 507 0
506 507 0
507 507 0
511 524 0
513 515 0
514 515 0
515 515 0
517 518 0
518 518 0
522 524 0
523 524 0
524 524 0
528 570 0
529 570 0
530 570 0
531 570 0
532 570 0
533 570 0
534 570 0
536 547 0
537 547 0
538 547 0
540 544 0
541 544 0
543 544 0
544 544 0
545 547 0
546 547 0
547 547 0
548 570 0
550 552 0
551 552 0
552 552 0
554 555 0
555 555 0
557 561 0
558 561 0
559 561 0
560 561 0
561 561 0
563 566 0
564 566 0
565 566 0
566 566 0
567 570 0
568 570 0
569 570 0
570 570 0
572 898 0
573 898 0
574 898 0
575 898 0
576 898 0
577 898 0
578 898 0
580 633 0
581 633 0
582 633 0
583 633 0
584 633 0
585 633 0
586 633 0
587 633 0
588 633 0
589 633 0
590 633 0
591 633 0
592 633 0
593 633 0
594 633 0
595 633 0
597 601 0
599 599 0
600 601 0
601 601 0
603 605 0
604 605 0
605 605 0
606 633 0
607 633 0
609 611 0
610 611 0
611 611 0
612 633 0
614 615 0
615 615 0
617 618 0
618 618 0
620 622 0
621 622 0
622 622 0
623 633 0
625 626 0
626 626 0
628 628 0
630 630 0
631 633 0
632 633 0
633 633 0
635 761 0
636 761 0
637 761 0
638 761 0
639 761 0
640 761 0
641 761 0
642 761 0
643 761 0
644 761 0
645 761 0
647 649 0
648 649 0
649 649 0
651 657 0
652 657 0
653 657 0
654 657 0
655 657 0
656 657 0
657 657 0
659 672 0
660 672 0
661 672 0
663 665 0
664 665 0
665 665 0
667 668 0
668 668 0
670 671 0
671 671 0
672 672 0
674 690 0
676 676 0
677 690 0
678 690 0
680 681 0
681 681 0
682 690 0
684 684 0
685 690 0
687 687 0
688 690 0
689 690 0
690 690 0
691 761 0
692 761 0
694 717 0
695 717 0
696 717 0
697 717 0
698 717 0
700 700 0
701 717 0
702 717 0
704 708 0
705 708 0
706 708 0
707 708 0
708 708 0
710 713 0
711 713 0
712 713 0
713 713 0
715 717 0
716 717 0
717 717 0
718 761 0
720 722 0
721 722 0
722 722 0
723 761 0
725 728 0
726 728 0
727 728 0
728 728 0
729 761 0
731 732 0
732 732 0
734 734 0
736 737 0
737 737 0
738 761 0
740 742 0
741 742 0
742 742 0
744 746 0
745 746 0
746 746 0
748 750 0
749 750 0
750 750 0
751 761 0
753 755 0
754 755 0
755 755 0
757 758 0
758 758 0
759 761 0
760 761 0
761 761 0
762 898 0
763 898 0
764 898 0
765 898 0
766 898 0
767 898 0
768 898 0
769 898 0
770 898 0
771 898 0
772 898 0
773 898 0
774 898 0
776 802 0
777 802 0
779 786 0
781 783 0
782 783 0
783 783 0
785 786 0
786 786 0
787 802 0
789 796 0
790 796 0
791 796 0
792 796 0
793 796 0
794 796 0
795 796 0
796 796 0
798 801 0
799 801 0
800 801 0
801 801 0
802 802 0
804 818 0
805 818 0
806 818 0
807 818 0
808 818 0
809 818 0
811 811 0
812 818 0
813 818 0
814 818 0
815 818 0
816 818 0
817 818 0
818 818 0
819 898 0
820 898 0
821 898 0
822 898 0
824 855 0
825 855 0
826 855 0
828 829 0
829 829 0
830 855 0
832 835 0
833 835 0
834 835 0
835 835 0
837 840 0
838 840 0
839 840 0
840 840 0
842 844 0
843 844 0
844 844 0
845 855 0
847 847 0
849 851 0
850 851 0
851 851 0
852 855 0
853 855 0
854 855 0
855 855 0
857 859 0
858 859 0
859 859 0
861 873 0
862 873 0
863 873 0
864 873 0
865 873 0
866 873 0
867 873 0
869 871 0
870 871 0
871 871 0
872 873 0
873 873 0
874 898 0
876 883 0
877 883 0
879 880 0
880 880 0
882 883 0
883 883 0
885 898 0
886 898 0
887 898 0
888 898 0
890 890 0
892 894 0
893 894 0
894 894 0
895 898 0
896 898 0
897 898 0
898 898 0
900 1382 0
901 1382 0
902 1382 0
903 1382 0
904 1382 0
906 910 0
907 910 0
908 910 0
909 910 0
910 910 0
912 934 0
913 934 0
914 934 0
916 916 0
918 919 0
919 919 0
920 934 0
921 934 0
922 934 0
923 934 0
924 934 0
925 934 0
926 934 0
927 934 0
928 934 0
929 934 0
930 934 0
931 934 0
932 934 0
933 934 0
934 934 0
936 1034 0
937 1034 0
940 1034 0
944 1034 0
948 1034 0
952 1034 0
955 1034 0
958 1034 0
962 1034 0
966 1034 0
970 1034 0
974 1034 0
976 1034 0
980 1034 0
982 1034 0
984 995 0
985 995 0
986 995 0
987 995 0
989 989 0
991 992 0
992 992 0
993 995 0
994 995 0
995 995 0
997 1016 0
999 1016 0
1003 1016 0
1004 1016 0
1005 1016 0
1008 1016 0
1012 1016 0
1016 1016 0
1021 1028 0
1022 1028 0
1023 1028 0
1024 1028 0
1025 1028 0
1026 1028 0
1027 1028 0
1028 1028 0
1032 1034 0
1033 1034 0
1034 1034 0
1036 1124 0
1037 1124 0
1038 1124 0
1040 1072 0
1041 1072 0
1042 1072 0
1043 1072 0
1044 1072 0
1045 1072 0
1046 1072 0
1047 1072 0
1048 1072 0
1049 1072 0
1050 1072 0
1051 1072 0
1052 1072 0
1054 1058 0
1055 1058 0
1056 1058 0
1057 1058 0
1058 1058 0
1059 1072 0
1060 1072 0
1062 1062 0
1063 1072 0
1065 1066 0
1066 1066 0
1068 1069 0
1069 1069 0
1071 1072 0
1072 1072 0
1073 1124 0
1074 1124 0
1075 1124 0
1076 1124 0
1078 1078 0
1080 1081 0
1081 1081 0
1082 1124 0
1083 1124 0
1084 1124 0
1086 1107 0
1087 1107 0
1088 1107 0
1089 1107 0
1090 1107 0
1091 1107 0
1092 1107 0
1093 1107 0
1095 1097 0
1096 1097 0
1097 1097 0
1098 1107 0
1100 1101 0
1101 1101 0
1103 1104 0
1104 1104 0
1106 1107 0
1107 1107 0
1108 1124 0
1109 1124 0
1110 1124 0
1111 1124 0
1112 1124 0
1113 1124 0
1114 1124 0
1115 1124 0
1116 1124 0
1117 1124 0
1118 1124 0
1119 1124 0
1120 1124 0
1121 1124 0
1122 1124 0
1123 1124 0
1124 1124 0
1126 1225 0
1130 1225 0
1134 1225 0
1138 1225 0
1142 1225 0
1146 1225 0
1150 1225 0
1154 1225 0
1157 1225 0
1161 1225 0
1165 1225 0
1169 1225 0
1173 1225 0
1177 1225 0
1180 1225 0
1182 1225 0
1183 1225 0
1184 1225 0
1186 1186 0
1189 1225 0
1191 1197 0
1193 1197 0
1197 1197 0
1202 1209 0
1205 1209 0
1209 1209 0
1214 1221 0
1217 1221 0
1221 1221 0
1225 1225 0
1226 1382 0
1227 1382 0
1228 1382 0
1230 1237 0
1231 1237 0
1232 1237 0
1233 1237 0
1234 1237 0
1235 1237 0
1236 1237 0
1237 1237 0
1239 1292 0
1240 1292 0
1241 1292 0
1242 1292 0
1243 1292 0
1244 1292 0
1245 1292 0
1246 1292 0
1247 1292 0
1248 1292 0
1250 1256 0
1251 1256 0
1252 1256 0
1253 1256 0
1254 1256 0
1255 1256 0
1256 1256 0
1257 1292 0
1258 1292 0
1259 1292 0
1261 1264 0
1262 1264 0
1263 1264 0
1264 1264 0
1265 1292 0
1267 1272 0
1268 1272 0
1269 1272 0
1270 1272 0
1271 1272 0
1272 1272 0
1274 1278 0
1275 1278 0
1276 1278 0
1277 1278 0
1278 1278 0
1279 1292 0
1281 1284 0
1282 1284 0
1283 1284 0
1284 1284 0
1286 1288 0
1287 1288 0
1288 1288 0
1290 1292 0
1291 1292 0
1292 1292 0
1294 1302 0
1295 1302 0
1296 1302 0
1297 1302 0
1298 1302 0
1299 1302 0
1300 1302 0
1301 1302 0
1302 1302 0
1303 1382 0
1305 1309 0
1306 1309 0
1307 1309 0
1308 1309 0
1309 1309 0
1310 1382 0
1311 1382 0
1312 1382 0
1313 1382 0
1314 1382 0
1315 1382 0
1316 1382 0
1317 1382 0
1318 1382 0
1319 1382 0
1320 1382 0
1321 1382 0
1322 1382 0
1323 1382 0
1324 1382 0
1326 1332 0
1327 1332 0
1328 1332 0
1329 1332 0
1330 1332 0
1331 1332 0
1332 1332 0
1333 1382 0
1335 1340 0
1336 1340 0
1337 1340 0
1338 1340 0
1339 1340 0
1340 1340 0
1341 1382 0
1342 1382 0
1344 1348 0
1345 1348 0
1346 1348 0
1347 1348 0
1348 1348 0
1350 1350 0
1352 1354 0
1353 1354 0
1354 1354 0
1355 1382 0
1357 1361 0
1358 1361 0
1359 1361 0
1360 1361 0
1361 1361 0
1363 1366 0
1364 1366 0
1365 1366 0
1366 1366 0
1368 1369 0
1369 1369 0
1370 1382 0
1372 1374 0
1373 1374 0
1374 1374 0
1376 1378 0
1377 1378 0
1378 1378 0
1379 1382 0
1380 1382 0
1381 1382 0
1382 1382 0
