17 15 27 
22 20 27 
36 34 3 
41 39 5 
48 46 5 
52 50 3 
56 50 3 
61 59 3 
65 59 3 
69 59 3 
74 72 2 
77 72 2 
80 72 2 
83 46 10 
89 87 4 
94 87 1 
96 87 4 
107 105 8 
111 109 1 
113 109 1 
120 105 6 
130 128 2 
141 20 26 
160 158 12 
174 172 3 
178 176 4 
183 176 4 
188 172 6 
193 191 2 
196 191 1 
198 191 1 
202 172 8 
205 203 1 
208 206 2 
211 206 2 
216 214 1 
219 217 1 
224 222 4 
229 222 3 
234 232 4 
240 238 5 
246 238 5 
252 238 2 
296 294 13 
301 299 7 
304 302 2 
307 302 2 
311 309 2 
314 309 3 
318 309 2 
327 325 7 
338 336 3 
342 336 3 
347 345 3 
351 345 3 
355 345 2 
361 294 3 
365 294 5 
371 294 16 
378 376 6 
388 386 4 
393 386 1 
396 394 3 
400 394 3 
404 394 2 
413 294 8 
422 294 7 
427 425 9 
439 437 2 
442 437 2 
445 437 3 
450 448 2 
453 448 3 
457 294 13 
472 470 6 
476 474 1 
478 474 1 
492 490 1 
498 496 2 
501 496 3 
505 496 3 
513 511 3 
517 511 2 
536 534 6 
540 538 2 
543 541 2 
550 548 3 
554 548 2 
557 548 5 
563 548 4 
572 15 25 
580 578 23 
597 595 3 
599 597 1 
603 595 3 
609 607 3 
614 612 2 
617 612 2 
620 612 3 
625 623 2 
628 623 1 
630 623 1 
635 578 21 
647 645 3 
651 645 7 
659 645 4 
663 661 3 
667 661 2 
670 661 2 
674 645 8 
676 674 1 
680 678 2 
684 682 1 
687 685 1 
694 692 7 
700 698 1 
704 702 5 
710 702 4 
715 702 3 
720 718 3 
725 723 4 
731 729 2 
734 729 1 
736 729 2 
740 738 3 
744 738 3 
748 738 3 
753 751 3 
757 751 2 
776 774 4 
779 777 1 
781 779 3 
785 779 2 
789 787 8 
798 787 4 
804 774 13 
811 809 1 
824 822 9 
828 826 2 
832 830 4 
837 830 4 
842 830 3 
847 845 1 
849 845 3 
857 822 3 
861 822 9 
869 867 3 
876 874 2 
879 877 2 
882 877 2 
885 874 8 
890 888 1 
892 888 3 
900 15 33 
906 904 5 
912 904 18 
916 914 1 
918 914 2 
936 904 18 
984 982 7 
989 987 1 
991 987 2 
997 982 8 
1021 982 8 
1036 904 27 
1040 1038 16 
1054 1052 5 
1062 1060 1 
1065 1063 2 
1068 1063 2 
1071 1063 2 
1078 1076 1 
1080 1076 2 
1086 1084 9 
1095 1093 3 
1100 1098 2 
1103 1098 2 
1106 1098 2 
1126 904 20 
1186 1184 1 
1191 1189 3 
1202 1189 3 
1214 1189 3 
1230 1228 8 
1239 1228 15 
1250 1248 7 
1261 1259 4 
1267 1265 6 
1274 1265 5 
1281 1279 4 
1286 1279 3 
1290 1279 3 
1294 1228 9 
1305 1303 5 
1326 1324 7 
1335 1333 6 
1344 1342 5 
1350 1342 1 
1352 1342 3 
1357 1355 5 
1363 1355 4 
1368 1355 2 
1372 1370 3 
1376 1370 3 
