17 15
18 15
19 15
20 15
22 20
23 20
24 20
25 20
26 20
27 20
28 20
29 20
30 20
31 20
32 20
33 20
34 20
36 34
37 34
38 34
39 20
41 39
42 39
43 39
44 39
45 39
46 20
48 46
49 46
50 46
52 50
53 50
54 50
56 50
57 50
58 50
59 46
61 59
62 59
63 59
65 59
66 59
67 59
69 59
70 59
71 59
72 46
74 72
75 72
77 72
78 72
80 72
81 72
83 46
84 46
85 46
86 46
87 46
89 87
90 87
91 87
92 87
94 87
96 87
97 87
98 87
99 87
100 46
101 46
102 46
103 46
104 46
105 20
107 105
108 105
109 105
111 109
113 109
114 105
115 105
116 105
117 105
118 105
120 105
121 105
122 105
123 105
124 105
125 105
126 20
127 20
128 20
130 128
131 128
132 20
133 20
134 20
135 20
136 20
137 20
138 20
139 20
141 20
142 20
143 20
144 20
145 20
146 20
147 20
148 20
149 20
150 20
151 20
152 20
153 20
154 20
155 20
156 20
157 20
158 20
160 158
161 158
162 158
163 158
164 158
165 158
166 158
167 158
168 158
169 158
170 158
171 158
172 20
174 172
175 172
176 172
178 176
179 176
180 176
181 176
183 176
184 176
185 176
186 176
188 172
189 172
190 172
191 172
193 191
194 191
196 191
198 191
199 172
200 172
202 172
203 172
205 203
206 172
208 206
209 206
211 206
212 206
213 172
214 172
216 214
217 172
219 217
220 172
221 172
222 20
224 222
225 222
226 222
227 222
229 222
230 222
231 222
232 20
234 232
235 232
236 232
237 232
238 20
240 238
241 238
242 238
243 238
244 238
246 238
247 238
248 238
249 238
250 238
252 238
253 238
254 20
255 20
256 20
257 20
258 15
261 15
265 15
269 15
273 15
277 15
281 15
282 15
286 15
290 15
294 15
296 294
297 294
298 294
299 294
301 299
302 299
304 302
305 302
307 302
308 302
309 299
311 309
312 309
314 309
315 309
316 309
318 309
319 309
320 299
321 299
322 299
323 299
324 294
325 294
327 325
328 325
329 325
330 325
331 325
332 325
333 325
334 294
335 294
336 294
338 336
339 336
340 336
342 336
343 336
344 336
345 294
347 345
348 345
349 345
351 345
352 345
353 345
355 345
356 345
357 294
358 294
359 294
361 294
362 294
363 294
365 294
366 294
367 294
368 294
369 294
371 294
372 294
373 294
374 294
375 294
376 294
378 376
379 376
380 376
381 376
382 376
383 376
384 294
385 294
386 294
388 386
389 386
390 386
391 386
393 386
394 294
396 394
397 394
398 394
400 394
401 394
402 394
404 394
405 394
406 294
407 294
408 294
409 294
410 294
411 294
413 294
414 294
415 294
416 294
417 294
418 294
419 294
420 294
422 294
423 294
424 294
425 294
427 425
428 425
429 425
430 425
431 425
432 425
433 425
434 425
435 425
436 294
437 294
439 437
440 437
442 437
443 437
445 437
446 437
447 437
448 294
450 448
451 448
453 448
454 448
455 448
457 294
459 294
462 294
466 294
470 294
472 470
473 470
474 470
476 474
478 474
479 470
480 470
481 470
484 294
487 294
490 294
492 490
496 294
498 496
499 496
501 496
502 496
503 496
505 496
506 496
507 496
511 294
513 511
514 511
515 511
517 511
518 511
522 294
523 294
524 294
528 15
529 15
530 15
531 15
532 15
533 15
534 15
536 534
537 534
538 534
540 538
541 538
543 541
544 541
545 534
546 534
547 534
548 15
550 548
551 548
552 548
554 548
555 548
557 548
558 548
559 548
560 548
561 548
563 548
564 548
565 548
566 548
567 15
568 15
569 15
570 15
572 15
573 15
574 15
575 15
576 15
577 15
578 15
580 578
581 578
582 578
583 578
584 578
585 578
586 578
587 578
588 578
589 578
590 578
591 578
592 578
593 578
594 578
595 578
597 595
599 597
600 595
601 595
603 595
604 595
605 595
606 578
607 578
609 607
610 607
611 607
612 578
614 612
615 612
617 612
618 612
620 612
621 612
622 612
623 578
625 623
626 623
628 623
630 623
631 578
632 578
633 578
635 578
636 578
637 578
638 578
639 578
640 578
641 578
642 578
643 578
644 578
645 578
647 645
648 645
649 645
651 645
652 645
653 645
654 645
655 645
656 645
657 645
659 645
660 645
661 645
663 661
664 661
665 661
667 661
668 661
670 661
671 661
672 645
674 645
676 674
677 645
678 645
680 678
681 678
682 645
684 682
685 645
687 685
688 645
689 645
690 645
691 578
692 578
694 692
695 692
696 692
697 692
698 692
700 698
701 692
702 692
704 702
705 702
706 702
707 702
708 702
710 702
711 702
712 702
713 702
715 702
716 702
717 702
718 578
720 718
721 718
722 718
723 578
725 723
726 723
727 723
728 723
729 578
731 729
732 729
734 729
736 729
737 729
738 578
740 738
741 738
742 738
744 738
745 738
746 738
748 738
749 738
750 738
751 578
753 751
754 751
755 751
757 751
758 751
759 578
760 578
761 578
762 15
763 15
764 15
765 15
766 15
767 15
768 15
769 15
770 15
771 15
772 15
773 15
774 15
776 774
777 774
779 777
781 779
782 779
783 779
785 779
786 779
787 774
789 787
790 787
791 787
792 787
793 787
794 787
795 787
796 787
798 787
799 787
800 787
801 787
802 774
804 774
805 774
806 774
807 774
808 774
809 774
811 809
812 774
813 774
814 774
815 774
816 774
817 774
818 774
819 15
820 15
821 15
822 15
824 822
825 822
826 822
828 826
829 826
830 822
832 830
833 830
834 830
835 830
837 830
838 830
839 830
840 830
842 830
843 830
844 830
845 822
847 845
849 845
850 845
851 845
852 822
853 822
854 822
855 822
857 822
858 822
859 822
861 822
862 822
863 822
864 822
865 822
866 822
867 822
869 867
870 867
871 867
872 822
873 822
874 15
876 874
877 874
879 877
880 877
882 877
883 877
885 874
886 874
887 874
888 874
890 888
892 888
893 888
894 888
895 874
896 874
897 874
898 874
900 15
901 15
902 15
903 15
904 15
906 904
907 904
908 904
909 904
910 904
912 904
913 904
914 904
916 914
918 914
919 914
920 904
921 904
922 904
923 904
924 904
925 904
926 904
927 904
928 904
929 904
930 904
931 904
932 904
933 904
934 904
936 904
937 904
940 904
944 904
948 904
952 904
955 904
958 904
962 904
966 904
970 904
974 904
976 904
980 904
982 904
984 982
985 982
986 982
987 982
989 987
991 987
992 987
993 982
994 982
995 982
997 982
999 982
1003 982
1004 982
1005 982
1008 982
1012 982
1016 982
1021 982
1022 982
1023 982
1024 982
1025 982
1026 982
1027 982
1028 982
1032 904
1033 904
1034 904
1036 904
1037 904
1038 904
1040 1038
1041 1038
1042 1038
1043 1038
1044 1038
1045 1038
1046 1038
1047 1038
1048 1038
1049 1038
1050 1038
1051 1038
1052 1038
1054 1052
1055 1052
1056 1052
1057 1052
1058 1052
1059 1038
1060 1038
1062 1060
1063 1038
1065 1063
1066 1063
1068 1063
1069 1063
1071 1063
1072 1063
1073 904
1074 904
1075 904
1076 904
1078 1076
1080 1076
1081 1076
1082 904
1083 904
1084 904
1086 1084
1087 1084
1088 1084
1089 1084
1090 1084
1091 1084
1092 1084
1093 1084
1095 1093
1096 1093
1097 1093
1098 1084
1100 1098
1101 1098
1103 1098
1104 1098
1106 1098
1107 1098
1108 904
1109 904
1110 904
1111 904
1112 904
1113 904
1114 904
1115 904
1116 904
1117 904
1118 904
1119 904
1120 904
1121 904
1122 904
1123 904
1124 904
1126 904
1130 904
1134 904
1138 904
1142 904
1146 904
1150 904
1154 904
1157 904
1161 904
1165 904
1169 904
1173 904
1177 904
1180 904
1182 904
1183 904
1184 904
1186 1184
1189 904
1191 1189
1193 1189
1197 1189
1202 1189
1205 1189
1209 1189
1214 1189
1217 1189
1221 1189
1225 904
1226 15
1227 15
1228 15
1230 1228
1231 1228
1232 1228
1233 1228
1234 1228
1235 1228
1236 1228
1237 1228
1239 1228
1240 1228
1241 1228
1242 1228
1243 1228
1244 1228
1245 1228
1246 1228
1247 1228
1248 1228
1250 1248
1251 1248
1252 1248
1253 1248
1254 1248
1255 1248
1256 1248
1257 1228
1258 1228
1259 1228
1261 1259
1262 1259
1263 1259
1264 1259
1265 1228
1267 1265
1268 1265
1269 1265
1270 1265
1271 1265
1272 1265
1274 1265
1275 1265
1276 1265
1277 1265
1278 1265
1279 1228
1281 1279
1282 1279
1283 1279
1284 1279
1286 1279
1287 1279
1288 1279
1290 1279
1291 1279
1292 1279
1294 1228
1295 1228
1296 1228
1297 1228
1298 1228
1299 1228
1300 1228
1301 1228
1302 1228
1303 15
1305 1303
1306 1303
1307 1303
1308 1303
1309 1303
1310 15
1311 15
1312 15
1313 15
1314 15
1315 15
1316 15
1317 15
1318 15
1319 15
1320 15
1321 15
1322 15
1323 15
1324 15
1326 1324
1327 1324
1328 1324
1329 1324
1330 1324
1331 1324
1332 1324
1333 15
1335 1333
1336 1333
1337 1333
1338 1333
1339 1333
1340 1333
1341 15
1342 15
1344 1342
1345 1342
1346 1342
1347 1342
1348 1342
1350 1342
1352 1342
1353 1342
1354 1342
1355 15
1357 1355
1358 1355
1359 1355
1360 1355
1361 1355
1363 1355
1364 1355
1365 1355
1366 1355
1368 1355
1369 1355
1370 15
1372 1370
1373 1370
1374 1370
1376 1370
1377 1370
1378 1370
1379 15
1380 15
1381 15
1382 15
